time,_dt,time
0,0,0
1,1,1
2,1,2
4,2,4
8,4,8
14,6,14
17,3,17
18.5,1.5,18.5
19,0.5,19
