time,dt
0,0
0.5,0.5
1.05,0.55
1.655,0.605
2.3205,0.6655
2.91945,0.59895
3.458505,0.539055
3.9436545,0.4851495
4.38028905,0.43663455
4.773260145,0.392971095
5.2055283495,0.4322682045
